           database_name           | numbackends | xact_commit | xact_rollback | blks_read | blks_hit  | tup_returned | tup_fetched | tup_inserted | tup_updated | tup_deleted | temp_files | temp_bytes | deadlocks | blk_read_time | blk_write_time | stats_reset 
-----------------------------------+-------------+-------------+---------------+-----------+-----------+--------------+-------------+--------------+-------------+-------------+------------+------------+-----------+---------------+----------------+-------------
 pgbench_test                      |           0 |     5349094 |             2 |  14208247 | 141643215 |    230088286 |    21511059 |    205355320 |    15999071 |         289 |          6 | 4008443904 |         0 |             0 |              0 | 
 hypopg_lab                        |           0 |        8365 |             0 |      4016 |    318470 |      3784230 |       69860 |          370 |          59 |         275 |          0 |          0 |         0 |             0 |              0 | 
 postgres                          |           1 |        9327 |             8 |      1605 |   5554276 |      4906940 |      557777 |       830654 |         475 |       41201 |          3 |    5040000 |         0 |             0 |              0 | 
 appdb                             |           2 |        9044 |             9 |      1541 |    327669 |      3724499 |       76321 |          417 |          55 |         275 |          0 |          0 |         0 |             0 |              0 | 
 perf_test                         |           0 |        8375 |             2 |      1103 |    318136 |      4677998 |       69986 |          369 |          29 |         274 |          0 |          0 |         0 |             0 |              0 | 
 script_validation_20260218_172749 |           1 |        2156 |            24 |       372 |   6037406 |      2342423 |      999223 |       830658 |         471 |       40529 |          3 |    5040000 |         0 |             0 |              0 | 
(6 rows)

